FeatureLevel=40901
KeyPCGI_One@RadiantGI.fx=46,0,0,0
PreprocessorDefinitions=
Techniques=

[Clarity.fx]
ClarityBlendIfDark=50.000000
ClarityBlendIfLight=205.000000
ClarityBlendMode=2.000000
ClarityDarkIntensity=0.400000
ClarityLightIntensity=0.000000
ClarityOffset=2.000000
ClarityRadius=3.000000
ClarityStrength=0.400000
ClarityViewBlendIfMask=0.000000
ClarityViewMask=0.000000

[computeGravity.fx]
AllowOverlapping=0
BlendColor=0.550000,1.000000,0.950000
EffectFactor=1.000000
FilterColor=0
FilterDepth=0
FocusDepth=0.026000
FocusEdgeDepth=0.050000
FocusRangeDepth=0.001000
GravityIntensity=0.200000
GravityRNG=0.970000
Hue=1.000000
HueRange=1.000000
InvertGravity=0
Saturation=1.000000
SaturationRange=1.000000
ShowSelectedHue=0
Sphere_FieldOfView=75
Sphere_FocusHorizontal=0.500000
Sphere_FocusVertical=0.500000
Spherical=0
UseImage=0
Value=1.000000
ValueRange=1.000000

[Gravity.fx]
allowOverlapping=0
BlendColor=0.550000,1.000000,0.950000
EffectFactor=1.000000
FilterColor=0.550000,1.000000,0.950000
FilterRange=0.500000
FocusDepth=0.026000
FocusEdgeDepth=0.050000
FocusRangeDepth=0.001000
GravityIntensity=0.500000
GravityRNG=75.000000
Sphere_FieldOfView=75
Sphere_FocusHorizontal=0.500000
Sphere_FocusVertical=0.500000
Spherical=0
useImage=0

[KeepUI.fx]
bKeepUIOcclude=0

[RadiantGI.fx]
Blend=0
Debug=0
Deep_Scattering=0.100000
Depth_Map=0
Depth_Map_Adjust=7.500000
Depth_Map_Flip=0
Diffusion_Saturation_Power=0.250000,0.500000
D_Irradiance=0.000000
GI_Power=1.000000
GI_Ray_Length=250.000000
GI_Res=0.700000
GI_Saturation=1.000000
GI_Sky_Saturation=1.000000
HDR_BP=0.500000
IGN_Toggle=1
Internals=0.540000,0.010000,0.010000
Luma_Map=0.500000
NCD=0.125000,0.000000
Offset=0.000000
PCGI_2DTexture_Detail=0.000000,1.000000
PCGI_Fade=1.000000
PP_Options=0
RadiantGI=0
Reflectivness=1.000000,0.500000
samples=6.000000
SamplesXY=6
Scattering=0
Sky_Adustment=3
Sky_Emissive_Selection=0
SSS_Seek=0.250000
Target_Lighting=0.050000
Trim=0.000000
Wrap=0.500000

